image: newMap.pgm
resolution: 0.050000
origin: [-8.265811, -15.974493, 0.000000]
negate: 0
occupied_thresh: 0.65
free_thresh: 0.196
